 CUDNN_HALF=1 
net.optimized_memory = 0 
mini_batch = 1, batch = 1, time_steps = 1, train = 0 
Create CUDA-stream - 0 
 Create cudnn-handle 0 
nms_kind: greedynms (1), beta = 0.600000 
nms_kind: greedynms (1), beta = 0.600000 
nms_kind: greedynms (1), beta = 0.600000 

 seen 64, trained: 640 K-images (10 Kilo-batches_64) 
 Detection layer: 139 - type = 28 
 Detection layer: 150 - type = 28 
 Detection layer: 161 - type = 28 
/mydrive/images/GH011067_cut_1241.jpg: Predicted in 14.201000 milli-seconds.
rose1: 68%	(left_x:  242   top_y:    0   width:   46   height:    9)
rose3: 84%	(left_x:  345   top_y:  636   width:   29   height:   21)
rose3: 48%	(left_x:  378   top_y:  979   width:   23   height:   24)
rose5: 100%	(left_x:  381   top_y:  695   width:   56   height:   52)
rose5: 99%	(left_x:  394   top_y:  162   width:   51   height:   56)
rose5: 99%	(left_x:  421   top_y:  867   width:   55   height:   49)
rose1: 98%	(left_x:  453   top_y:   -1   width:   29   height:   29)
rose1: 95%	(left_x:  474   top_y:  614   width:   21   height:   17)
rose1: 100%	(left_x:  518   top_y:   60   width:   29   height:   28)
rose3: 65%	(left_x:  553   top_y:  982   width:   22   height:   28)
rose3: 99%	(left_x:  623   top_y:  882   width:   27   height:   26)
rose2: 39%	(left_x: 1060   top_y:  988   width:   18   height:   16)
rose2: 100%	(left_x: 1311   top_y:  217   width:   26   height:   25)
rose4: 79%	(left_x: 1374   top_y:  886   width:   37   height:   30)
rose4: 65%	(left_x: 1402   top_y: 1176   width:   22   height:   29)
rose2: 74%	(left_x: 1434   top_y:  682   width:   22   height:   18)
rose2: 53%	(left_x: 1465   top_y: 1079   width:   23   height:   16)
rose2: 83%	(left_x: 1489   top_y:  109   width:   30   height:   31)
rose3: 79%	(left_x: 1509   top_y: 1302   width:   26   height:   32)
rose2: 99%	(left_x: 1510   top_y:  965   width:   26   height:   25)
rose3: 87%	(left_x: 1526   top_y: 1200   width:   22   height:   24)
rose5: 58%	(left_x: 1547   top_y:  566   width:   49   height:   49)
rose4: 83%	(left_x: 1561   top_y:  159   width:   38   height:   36)
rose3: 40%	(left_x: 1593   top_y:  824   width:   29   height:   25)
rose1: 45%	(left_x: 1594   top_y:  662   width:   25   height:   20)
rose1: 98%	(left_x: 1622   top_y:  194   width:   21   height:   26)
rose5: 100%	(left_x: 1634   top_y: 1023   width:   70   height:   59)
rose5: 100%	(left_x: 1637   top_y: 1167   width:   86   height:   73)
rose1: 98%	(left_x: 1646   top_y:   95   width:   30   height:   27)
