 CUDNN_HALF=1 
net.optimized_memory = 0 
mini_batch = 1, batch = 1, time_steps = 1, train = 0 
Create CUDA-stream - 0 
 Create cudnn-handle 0 
nms_kind: greedynms (1), beta = 0.600000 
nms_kind: greedynms (1), beta = 0.600000 
nms_kind: greedynms (1), beta = 0.600000 

 seen 64, trained: 640 K-images (10 Kilo-batches_64) 
 Detection layer: 139 - type = 28 
 Detection layer: 150 - type = 28 
 Detection layer: 161 - type = 28 
/mydrive/images/GH011073_cut_1235.jpg: Predicted in 14.242000 milli-seconds.
rose2: 97%	(left_x:  222   top_y:  976   width:   31   height:   24)
rose1: 54%	(left_x:  238   top_y:   -0   width:   45   height:    9)
rose2: 33%	(left_x:  238   top_y:   -0   width:   45   height:    9)
rose2: 95%	(left_x:  321   top_y:  885   width:   37   height:   22)
rose3: 99%	(left_x:  379   top_y:  977   width:   28   height:   29)
rose1: 97%	(left_x:  449   top_y:   -1   width:   31   height:   27)
rose2: 90%	(left_x:  471   top_y:  614   width:   23   height:   18)
rose2: 99%	(left_x:  511   top_y:   58   width:   31   height:   31)
rose4: 93%	(left_x:  549   top_y:  977   width:   30   height:   29)
rose2: 81%	(left_x:  623   top_y: 1118   width:   30   height:   21)
rose3: 97%	(left_x:  630   top_y:  887   width:   32   height:   29)
rose1: 86%	(left_x:  832   top_y: 1170   width:   17   height:   17)
rose2: 40%	(left_x:  981   top_y: 1151   width:   28   height:   26)
rose3: 33%	(left_x: 1313   top_y:  215   width:   33   height:   32)
rose2: 75%	(left_x: 1314   top_y:  216   width:   31   height:   30)
rose4: 73%	(left_x: 1393   top_y: 1165   width:   32   height:   37)
rose3: 97%	(left_x: 1444   top_y:  690   width:   27   height:   21)
rose2: 95%	(left_x: 1479   top_y:  537   width:   21   height:   23)
rose2: 32%	(left_x: 1492   top_y:  107   width:   31   height:   32)
rose4: 100%	(left_x: 1496   top_y: 1301   width:   49   height:   42)
rose4: 100%	(left_x: 1508   top_y:  885   width:   55   height:   52)
rose3: 52%	(left_x: 1509   top_y:  964   width:   29   height:   31)
rose3: 50%	(left_x: 1524   top_y: 1191   width:   28   height:   29)
rose5: 45%	(left_x: 1559   top_y:  152   width:   45   height:   46)
rose4: 72%	(left_x: 1559   top_y:  152   width:   45   height:   46)
rose1: 98%	(left_x: 1590   top_y:  367   width:   25   height:   27)
rose4: 82%	(left_x: 1593   top_y:  810   width:   40   height:   43)
rose2: 79%	(left_x: 1626   top_y:  189   width:   26   height:   31)
rose1: 93%	(left_x: 1639   top_y: 1310   width:   24   height:   21)
rose2: 61%	(left_x: 1652   top_y:   89   width:   27   height:   24)
