 CUDNN_HALF=1 
net.optimized_memory = 0 
mini_batch = 1, batch = 1, time_steps = 1, train = 0 
Create CUDA-stream - 0 
 Create cudnn-handle 0 
nms_kind: greedynms (1), beta = 0.600000 
nms_kind: greedynms (1), beta = 0.600000 
nms_kind: greedynms (1), beta = 0.600000 

 seen 64, trained: 640 K-images (10 Kilo-batches_64) 
 Detection layer: 139 - type = 28 
 Detection layer: 150 - type = 28 
 Detection layer: 161 - type = 28 
/mydrive/images/GH011075_cut_1263.jpg: Predicted in 14.427000 milli-seconds.
rose1: 55%	(left_x:  277   top_y:  523   width:   36   height:   25)
rose2: 48%	(left_x:  331   top_y:  878   width:   32   height:   22)
rose4: 99%	(left_x:  374   top_y:  974   width:   38   height:   32)
rose2: 98%	(left_x:  480   top_y:  609   width:   22   height:   20)
rose1: 98%	(left_x:  482   top_y:  225   width:   20   height:   24)
rose2: 98%	(left_x:  511   top_y:   51   width:   33   height:   30)
rose4: 98%	(left_x:  548   top_y:  969   width:   35   height:   36)
rose4: 66%	(left_x:  626   top_y:  878   width:   45   height:   40)
rose5: 39%	(left_x:  626   top_y:  878   width:   45   height:   40)
rose5: 53%	(left_x:  737   top_y:   -1   width:   52   height:   12)
rose2: 31%	(left_x: 1204   top_y: 1082   width:   22   height:   24)
rose2: 98%	(left_x: 1293   top_y:  786   width:   20   height:   25)
rose4: 99%	(left_x: 1307   top_y:  199   width:   45   height:   40)
rose4: 75%	(left_x: 1387   top_y: 1165   width:   35   height:   38)
rose2: 95%	(left_x: 1441   top_y:  687   width:   33   height:   26)
rose5: 100%	(left_x: 1479   top_y: 1292   width:   60   height:   59)
rose2: 47%	(left_x: 1490   top_y:  246   width:   23   height:   15)
rose5: 100%	(left_x: 1491   top_y:  884   width:   63   height:   60)
rose2: 98%	(left_x: 1495   top_y:  102   width:   29   height:   32)
rose4: 63%	(left_x: 1506   top_y:  967   width:   43   height:   38)
rose2: 81%	(left_x: 1594   top_y:  368   width:   24   height:   22)
rose4: 46%	(left_x: 1594   top_y:  802   width:   52   height:   51)
rose1: 98%	(left_x: 1600   top_y:  654   width:   31   height:   27)
rose1: 98%	(left_x: 1635   top_y: 1309   width:   24   height:   21)
