 CUDNN_HALF=1 
net.optimized_memory = 0 
mini_batch = 1, batch = 1, time_steps = 1, train = 0 
Create CUDA-stream - 0 
 Create cudnn-handle 0 
nms_kind: greedynms (1), beta = 0.600000 
nms_kind: greedynms (1), beta = 0.600000 
nms_kind: greedynms (1), beta = 0.600000 

 seen 64, trained: 640 K-images (10 Kilo-batches_64) 
 Detection layer: 139 - type = 28 
 Detection layer: 150 - type = 28 
 Detection layer: 161 - type = 28 
/mydrive/images/GH011063_cut_1239.jpg: Predicted in 14.376000 milli-seconds.
rose1: 90%	(left_x:  249   top_y:    0   width:   36   height:   14)
rose5: 46%	(left_x:  379   top_y:  702   width:   51   height:   42)
rose4: 89%	(left_x:  388   top_y:  162   width:   44   height:   46)
rose4: 98%	(left_x:  425   top_y:  872   width:   44   height:   40)
rose1: 72%	(left_x:  447   top_y:    0   width:   27   height:   22)
rose1: 98%	(left_x:  517   top_y:   70   width:   20   height:   19)
rose2: 95%	(left_x:  551   top_y:  988   width:   17   height:   23)
rose2: 98%	(left_x:  621   top_y:  885   width:   23   height:   22)
rose2: 97%	(left_x:  686   top_y:  780   width:   20   height:   18)
rose5: 77%	(left_x:  709   top_y:   -0   width:   71   height:   12)
rose5: 60%	(left_x:  721   top_y:    7   width:   55   height:   68)
rose2: 100%	(left_x: 1299   top_y:  216   width:   26   height:   26)
rose2: 94%	(left_x: 1377   top_y:  888   width:   28   height:   28)
rose2: 96%	(left_x: 1399   top_y: 1172   width:   20   height:   25)
rose2: 41%	(left_x: 1429   top_y:  677   width:   24   height:   17)
rose2: 98%	(left_x: 1463   top_y: 1072   width:   23   height:   19)
rose2: 97%	(left_x: 1507   top_y:  958   width:   23   height:   22)
rose2: 80%	(left_x: 1507   top_y: 1295   width:   23   height:   29)
rose2: 99%	(left_x: 1513   top_y:  894   width:   26   height:   24)
rose2: 67%	(left_x: 1553   top_y:  160   width:   29   height:   28)
rose2: 67%	(left_x: 1588   top_y:  822   width:   26   height:   20)
rose1: 92%	(left_x: 1631   top_y:   92   width:   28   height:   30)
rose5: 89%	(left_x: 1633   top_y: 1020   width:   57   height:   51)
rose5: 100%	(left_x: 1638   top_y: 1161   width:   75   height:   65)
