 CUDNN_HALF=1 
net.optimized_memory = 0 
mini_batch = 1, batch = 1, time_steps = 1, train = 0 
Create CUDA-stream - 0 
 Create cudnn-handle 0 
nms_kind: greedynms (1), beta = 0.600000 
nms_kind: greedynms (1), beta = 0.600000 
nms_kind: greedynms (1), beta = 0.600000 

 seen 64, trained: 640 K-images (10 Kilo-batches_64) 
 Detection layer: 139 - type = 28 
 Detection layer: 150 - type = 28 
 Detection layer: 161 - type = 28 
/mydrive/images/GH011081_cut_1245.jpg: Predicted in 14.442000 milli-seconds.
rose1: 76%	(left_x:  208   top_y:  965   width:   26   height:   16)
rose2: 53%	(left_x:  212   top_y:  994   width:   29   height:   29)
rose1: 61%	(left_x:  218   top_y:  969   width:   23   height:   14)
rose1: 98%	(left_x:  222   top_y:  172   width:   33   height:   28)
rose1: 40%	(left_x:  274   top_y:  489   width:   33   height:   32)
rose3: 99%	(left_x:  311   top_y:  874   width:   42   height:   36)
rose3: 36%	(left_x:  468   top_y:  607   width:   32   height:   29)
rose1: 94%	(left_x:  473   top_y:  221   width:   24   height:   26)
rose2: 100%	(left_x:  501   top_y:   48   width:   39   height:   32)
rose5: 100%	(left_x:  524   top_y:  977   width:   56   height:   48)
rose1: 78%	(left_x:  797   top_y:  961   width:   20   height:   15)
rose2: 34%	(left_x: 1112   top_y:  428   width:   26   height:   22)
rose4: 99%	(left_x: 1433   top_y:  673   width:   48   height:   40)
rose2: 100%	(left_x: 1457   top_y: 1139   width:   26   height:   28)
rose2: 64%	(left_x: 1468   top_y:  228   width:   26   height:   16)
rose2: 93%	(left_x: 1476   top_y:  530   width:   30   height:   22)
rose3: 38%	(left_x: 1485   top_y:   90   width:   41   height:   39)
rose5: 100%	(left_x: 1496   top_y:  941   width:   65   height:   61)
rose4: 84%	(left_x: 1519   top_y: 1179   width:   48   height:   49)
rose3: 99%	(left_x: 1602   top_y:  644   width:   34   height:   27)
rose2: 72%	(left_x: 1608   top_y:   -0   width:   39   height:    8)
rose2: 93%	(left_x: 1626   top_y:  182   width:   31   height:   32)
